0
0
0
0
0
0
0
0
0
0
0
0
3
6
7
11
13
15
17
19
23
24
27
29
31
31
35
37
39
41
44
46
47
49
51
53
55
56
59
60
62
63
65
67
70
71
73
76
78
79
81
83
84
87
88
89
91
92
94
95
97
99
100
102
103
105
107
108
109
111
112
113
115
116
118
119
120
121
123
124
124
126
127
127
129
131
132
135
135
137
139
140
142
143
144
147
147
149
151
151
152
153
155
156
158
159
159
159
161
163
164
166
167
167
169
171
171
172
174
175
175
176
177
179
179
180
181
182
183
184
184
185
187
187
188
188
189
190
190
191
191
192
193
194
195
195
196
197
198
199
199
199
199
200
200
201
201
202
203
203
203
204
204
204
204
204
204
204
205
205
206
206
206
206
206
206
206
207
206
204
204
202
201
200
199
199
198
198
196
196
195
195
195
194
193
193
193
192
192
192
192
192
192
192
192
190
190
188
188
188
187
187
186
185
185
184
184
184
184
183
183
182
182
182
181
180
180
180
180
179
179
179
179
179
179
178
178
177
177
177
177
177
177
176
